NC_001133.9
1 116616
124934 144486
160234 166251
179683 180156
180852 218617
223125 230218
NC_001134.8
1 36222
43103 83036
118826 120756
137655 221046
221364 297779
316842 636387
643258 813184
NC_001135.5
1 142806
149745 169079
169186 209455
226687 237082
260810 316620
NC_001136.10
1 90719
117673 138596
149149 523345
527596 805524
811883 1070777
1080944 1163734
1175648 1531933
NC_001137.3
1 15019
23165 45149
53362 135939
138389 236094
243657 434628
434792 452657
461878 576874
NC_001138.5
1 43897
92417 170698
193836 270161
NC_001139.9
1 29206
34937 159034
165181 313751
319395 378075
397834 712207
712543 817398
823307 859207
859922 903632
914292 987908
989959 1048426
1062109 1090940
NC_001140.6
1 83444
84453 285749
289296 342274
357991 367058
378123 562643
NC_001141.2
1 37236
39179 143261
174932 192929
194517 196648
197025 207055
210596 252782
272330 409616
425240 439888
NC_001142.9
1 366158
377414 385297
402047 427653
433178 436573
456077 499467
517393 701783
710395 745751
NC_001143.9
1 61064
64242 340393
340678 666816
NC_001144.5
1 45161
48860 54491
63425 103622
112120 238500
245161 393728
397604 451419
468930 508970
510486 510537
511507 723650
731069 870949
896181 981731
990196 1031402
1038817 1078177
NC_001145.3
1 264084
274095 362593
362883 566114
585785 588719
600893 603101
605793 679388
684890 741175
756977 768904
777055 799204
808537 908347
908437 908685
910329 917302
917708 924431
NC_001146.8
1717 45762
53664 96626
96944 620903
632048 667339
681791 784333
NC_001147.6
1 29715
30972 216175
222619 296134
308191 385208
404922 665144
667556 1042704
1045540 1084634
1089749 1091291
NC_001148.4
1 7530
15498 211907
234851 447896
476153 477711
487267 551063
572841 810562
818557 850341
850614 894151
908992 948066
NC_001224.1
1 85779
